-6.08 30.76 0
-1.26 25.91 0
-6.85 18.01 0
9.29 44.82 0
-18.44 34.51 0
-4.67 11.55 0
22.92 34.24 0
4.89 17.43 0
7.10 23.62 0
10.56 23.48 0
0.54 28.32 0
2.58 23.50 0
5.88 33.72 0
8.85 21.72 0
-10.17 34.55 0
-1.34 46.39 0
-4.38 22.36 0
4.93 12.14 0
-1.99 24.18 0
-12.75 37.58 0
2.93 20.79 0
1.09 27.21 0
0.32 26.96 0
12.73 36.07 0
10.71 28.28 0
4.16 31.59 0
15.51 36.60 0
-3.11 21.76 0
-13.79 16.93 0
13.71 22.94 0
0.28 38.56 0
-3.20 33.91 0
-8.46 13.65 0
-4.33 23.15 0
-13.37 25.77 0
2.09 6.13 0
-14.24 43.98 0
-5.53 24.02 0
0.75 27.37 0
-5.06 21.08 0
10.52 11.73 0
9.71 21.86 0
0.77 24.33 0
-4.35 40.59 0
5.53 20.83 0
2.67 32.78 0
0.09 21.58 0
6.41 5.50 0
-1.78 22.60 0
6.96 19.77 0
-11.89 20.19 0
-3.32 23.04 0
0.30 25.25 0
-11.08 26.84 0
-5.50 47.91 0
-20.33 19.79 0
14.08 15.39 0
6.33 39.63 0
22.13 27.35 0
-5.27 24.71 0
5.43 32.74 0
-0.84 20.85 0
12.92 30.83 0
-1.77 34.70 0
16.88 30.72 0
-10.47 21.23 0
6.42 23.70 0
-1.73 26.94 0
-11.12 17.02 0
-0.21 19.87 0
-18.14 25.20 0
2.04 14.73 0
5.32 19.38 0
-10.17 32.96 0
-18.48 29.93 0
1.73 36.43 0
7.86 22.09 0
-0.71 34.37 0
8.36 20.39 0
-1.98 20.24 0
-0.92 28.59 0
8.71 27.64 0
-8.39 20.70 0
8.23 30.75 0
7.02 30.01 0
5.98 22.95 0
-5.08 35.28 0
1.36 22.78 0
-14.92 40.54 0
6.12 21.86 0
13.70 27.51 0
-17.03 20.62 0
-5.19 30.88 0
-12.35 27.42 0
-28.81 18.87 0
-0.16 22.37 0
-16.93 24.05 0
-6.20 31.01 0
8.74 24.37 0
17.20 26.53 0
25.34 3.99 1
16.52 12.89 1
27.69 1.81 1
7.59 -13.67 1
26.26 -5.56 1
23.45 3.15 1
33.07 13.96 1
16.09 -8.73 1
24.35 7.61 1
23.64 2.01 1
23.26 -7.62 1
38.22 -19.88 1
9.31 21.99 1
19.21 9.05 1
29.36 2.48 1
17.47 9.14 1
15.76 7.99 1
0.63 3.80 1
9.12 10.39 1
15.72 0.91 1
19.47 17.20 1
22.87 10.32 1
17.67 5.80 1
28.71 -10.96 1
35.31 -1.80 1
28.04 10.43 1
30.73 -2.45 1
12.81 -5.30 1
17.29 15.33 1
21.47 24.42 1
59.37 -12.73 1
28.58 -2.85 1
27.25 14.44 1
28.17 -2.17 1
22.88 6.33 1
21.86 7.18 1
41.30 -4.05 1
26.73 16.54 1
26.14 1.27 1
25.88 1.27 1
28.04 1.78 1
21.21 11.41 1
16.10 11.96 1
33.89 -14.21 1
33.58 -3.17 1
32.68 -13.93 1
31.04 4.18 1
27.59 1.51 1
5.50 -15.45 1
18.60 -2.42 1
20.87 11.60 1
27.32 15.46 1
17.70 -16.34 1
41.18 -24.34 1
9.83 -16.85 1
29.56 6.33 1
16.40 24.28 1
14.41 -12.70 1
17.58 -5.83 1
23.14 -7.67 1
21.73 21.05 1
33.04 -1.10 1
27.08 -7.85 1
24.62 12.69 1
34.20 -9.05 1
19.56 18.34 1
43.68 23.51 1
42.69 13.28 1
20.50 12.40 1
11.60 -12.84 1
34.48 -24.30 1
40.28 -7.04 1
22.43 8.57 1
11.05 5.65 1
25.83 -7.58 1
22.40 6.94 1
29.45 -9.64 1
33.87 13.15 1
11.97 4.06 1
23.33 10.60 1
7.94 -9.13 1
22.80 6.90 1
30.46 -4.39 1
33.20 -12.70 1
21.96 -12.24 1
42.42 17.30 1
33.76 4.40 1
32.95 1.06 1
21.08 -1.47 1
13.74 7.65 1
42.61 -9.95 1
35.01 -7.47 1
3.80 5.44 1
44.08 -8.16 1
14.48 16.24 1
25.81 -2.48 1
34.47 -2.08 1
19.66 -4.28 1
25.14 -0.60 1
10.62 -9.68 1
60.13 25.01 2
46.19 3.22 2
53.06 16.08 2
61.90 30.75 2
54.81 21.14 2
58.35 21.55 2
62.26 3.16 2
67.22 27.08 2
47.89 24.65 2
37.84 7.70 2
56.40 17.31 2
37.52 29.42 2
50.31 34.67 2
55.56 33.62 2
65.56 28.36 2
62.84 41.75 2
44.75 41.52 2
74.52 25.47 2
32.94 13.05 2
54.50 34.41 2
39.58 38.96 2
35.23 21.74 2
44.81 3.53 2
49.82 22.22 2
69.51 28.11 2
53.68 30.13 2
40.24 28.09 2
53.54 36.95 2
43.61 11.36 2
47.53 16.82 2
44.89 45.99 2
46.70 23.31 2
35.50 13.76 2
49.76 30.25 2
20.88 32.43 2
46.05 25.92 2
55.97 8.06 2
31.72 28.50 2
21.36 44.05 2
56.92 14.39 2
62.09 43.29 2
56.65 24.40 2
43.85 33.70 2
48.78 55.10 2
54.14 0.03 2
38.55 34.87 2
49.58 20.23 2
53.52 30.68 2
24.90 29.06 2
48.80 15.93 2
54.33 32.83 2
45.70 14.66 2
47.46 30.46 2
41.89 33.02 2
33.68 34.45 2
41.24 20.78 2
53.52 23.17 2
60.76 30.62 2
54.57 33.14 2
58.23 22.69 2
45.14 36.72 2
40.20 28.63 2
48.50 17.33 2
69.56 34.37 2
44.19 20.06 2
54.42 28.32 2
34.98 16.65 2
33.27 39.84 2
58.96 8.09 2
45.34 11.50 2
58.37 19.03 2
42.39 20.40 2
53.47 31.88 2
45.43 26.75 2
60.08 54.75 2
35.46 25.70 2
32.75 38.23 2
46.96 27.78 2
34.69 28.50 2
58.86 23.71 2
49.98 17.97 2
39.81 27.73 2
56.44 7.82 2
47.06 55.49 2
64.48 22.41 2
51.54 9.45 2
49.85 15.76 2
64.91 28.14 2
54.11 23.09 2
41.78 19.78 2
51.24 30.85 2
33.36 26.58 2
65.92 30.62 2
72.70 20.90 2
47.66 4.65 2
48.73 9.35 2
58.75 20.35 2
51.03 18.39 2
59.43 38.41 2
51.95 17.88 2
25.08 57.24 3
14.96 36.96 3
26.83 43.13 3
39.45 58.04 3
27.14 50.05 3
27.98 31.71 3
43.96 55.92 3
20.97 52.88 3
27.44 49.40 3
17.04 59.76 3
19.59 59.70 3
22.87 56.84 3
25.68 46.20 3
24.19 51.07 3
32.70 54.40 3
27.48 58.82 3
13.93 42.25 3
29.10 54.83 3
28.36 64.82 3
17.67 55.48 3
18.10 60.42 3
14.08 63.57 3
27.19 49.01 3
15.17 41.86 3
16.18 48.47 3
29.69 54.58 3
24.80 38.13 3
42.12 35.27 3
18.44 69.48 3
26.28 49.91 3
40.51 55.48 3
36.60 55.58 3
27.12 64.05 3
35.99 48.43 3
36.56 41.35 3
27.25 51.55 3
30.72 49.16 3
25.88 45.57 3
23.40 56.63 3
9.09 52.55 3
23.30 53.84 3
21.95 50.57 3
20.05 52.14 3
27.02 52.16 3
31.14 45.02 3
34.16 55.69 3
26.60 35.49 3
16.72 56.26 3
29.88 59.83 3
25.28 49.64 3
30.97 33.77 3
24.82 53.80 3
21.83 44.81 3
15.71 44.61 3
28.02 45.05 3
19.46 55.03 3
16.05 32.44 3
16.95 52.08 3
38.38 48.24 3
22.07 48.13 3
16.84 38.27 3
11.16 37.90 3
36.64 50.74 3
35.98 52.57 3
25.69 53.81 3
21.34 57.33 3
27.13 58.91 3
29.57 47.86 3
14.87 63.38 3
-5.67 42.12 3
36.38 42.52 3
29.70 53.24 3
32.48 51.69 3
17.70 53.07 3
11.03 51.64 3
50.08 51.11 3
32.83 58.91 3
12.97 61.26 3
8.57 54.24 3
13.89 57.25 3
34.78 54.99 3
29.21 43.48 3
28.49 66.21 3
23.95 52.90 3
43.08 35.40 3
21.85 53.10 3
18.99 48.93 3
26.99 50.13 3
9.98 60.86 3
20.57 51.45 3
26.45 42.66 3
38.08 48.73 3
18.75 42.87 3
37.19 58.68 3
30.32 56.92 3
28.79 52.54 3
26.22 50.50 3
38.18 43.06 3
29.90 49.20 3
18.97 62.04 3
