6.057316960906600656e+00 -3.665871604327595179e+00 2.000000000000000000e+00
4.977435078615407349e+00 2.062554796538315571e+01 1.000000000000000000e+00
6.074643144034179265e+00 4.985375072245492589e-01 2.000000000000000000e+00
5.909877753128039757e+00 9.596284549941728415e+00 2.000000000000000000e+00
5.982137266681711196e+00 6.102295256998579553e+00 2.000000000000000000e+00
5.984496790467252580e+00 1.044121585092392657e+01 2.000000000000000000e+00
4.958159069292724652e+00 9.145188027450704027e+00 1.000000000000000000e+00
6.041917368838851665e+00 5.059014538473412870e+00 2.000000000000000000e+00
4.951661560170833809e+00 1.434448532873610915e+01 1.000000000000000000e+00
4.985411362511011468e+00 1.624599974920846623e+00 1.000000000000000000e+00
5.117809913787051634e+00 -7.839869398414352375e+00 1.000000000000000000e+00
4.988556722529295051e+00 1.231280463161457206e+01 1.000000000000000000e+00
5.077583327010995795e+00 1.145287544515337075e+01 1.000000000000000000e+00
4.920295607177810560e+00 1.585480621192654027e+01 1.000000000000000000e+00
5.014920411037157244e+00 -1.391738637196507256e+01 1.000000000000000000e+00
6.068925477729203877e+00 -5.365995582970825239e+00 2.000000000000000000e+00
4.974287734234396297e+00 1.122962933145167597e+01 1.000000000000000000e+00
5.003855902689934076e+00 1.955720923756948437e+01 1.000000000000000000e+00
6.001814823284227884e+00 -2.601105078355727684e+00 2.000000000000000000e+00
5.013550399946234748e+00 3.202613199334695349e+00 1.000000000000000000e+00
6.031662704806972641e+00 1.006010730768398886e+01 2.000000000000000000e+00
6.085757783545718169e+00 -4.087019755432953261e+00 2.000000000000000000e+00
6.024812293188101187e+00 3.722119856312610331e+00 2.000000000000000000e+00
6.061524852161020327e+00 1.150941128353063903e+01 2.000000000000000000e+00
5.921809760984530158e+00 1.525149487767395584e+01 2.000000000000000000e+00
4.981237259262404571e+00 -1.003780409389771755e+01 1.000000000000000000e+00
6.069955063087174807e+00 3.624011416726717894e+00 2.000000000000000000e+00
5.979543468345142720e+00 1.427549224700274877e+01 2.000000000000000000e+00
4.934024645331818171e+00 -3.759210991733388241e-01 1.000000000000000000e+00
4.942063639094456562e+00 2.400312484545604974e+00 1.000000000000000000e+00
5.015545571123800173e+00 -1.250434189027055965e+01 1.000000000000000000e+00
4.879391719933453331e+00 1.339768847501963478e+01 1.000000000000000000e+00
5.957949017402933478e+00 -1.189658996964475435e+01 2.000000000000000000e+00
4.988917761113474292e+00 -5.643494541323795133e+00 1.000000000000000000e+00
5.984190686168212814e+00 8.807763901006451235e-01 2.000000000000000000e+00
5.015405002366989606e+00 8.458197455908621265e+00 1.000000000000000000e+00
6.039252948574652002e+00 2.322510413878945457e+01 2.000000000000000000e+00
6.055894309027666900e+00 1.423503169971037963e+01 2.000000000000000000e+00
5.042753450942116800e+00 7.545630454686784283e+00 1.000000000000000000e+00
5.949998033629869454e+00 -9.033409233209431122e+00 2.000000000000000000e+00
4.985407875840176750e+00 -4.054735691750757098e-01 1.000000000000000000e+00
6.068363374225888229e+00 -4.481441346393024716e-01 2.000000000000000000e+00
5.035448212749591868e+00 9.248566011421539557e-01 1.000000000000000000e+00
5.063528106526553607e+00 1.120883303287989019e+00 1.000000000000000000e+00
5.033090968015454081e+00 2.210186783264024957e+00 1.000000000000000000e+00
4.990058049715903721e+00 -7.019865071545691393e+00 1.000000000000000000e+00
5.035974955203429637e+00 1.460888288811858793e+01 1.000000000000000000e+00
5.937162130267671145e+00 2.231825983446852746e+01 2.000000000000000000e+00
4.949402723604361398e+00 1.153760180419671322e+01 1.000000000000000000e+00
4.931854953979566858e+00 -3.179252663282971625e+00 1.000000000000000000e+00
6.013623760839132970e+00 2.088622141742762750e+01 2.000000000000000000e+00
5.997325576707854822e+00 2.143141645921685523e+01 2.000000000000000000e+00
6.057905432478753127e+00 -9.432285539207560632e+00 2.000000000000000000e+00
5.993176004936672463e+00 7.607923609577582624e+00 2.000000000000000000e+00
5.952795689291338732e+00 1.823108195663937181e+01 2.000000000000000000e+00
6.020867180896605220e+00 -1.491672332806139423e+00 2.000000000000000000e+00
5.946648726170780108e+00 2.237718611074661368e+01 2.000000000000000000e+00
5.045782504935633739e+00 3.575632861145656705e-01 1.000000000000000000e+00
6.030785147961036152e+00 5.199792267724006045e+00 2.000000000000000000e+00
5.032622277717773152e+00 -4.313405479139587939e+00 1.000000000000000000e+00
4.980964615200355716e+00 2.315780696809511152e+00 1.000000000000000000e+00
5.022168110350037296e+00 9.062141363194541555e+00 1.000000000000000000e+00
5.901403717899153634e+00 1.979687397655425229e+01 2.000000000000000000e+00
4.924504934023186564e+00 -3.486896043495892883e+00 1.000000000000000000e+00
6.023245505148800305e+00 9.668046066761926127e+00 2.000000000000000000e+00
6.070862688910369620e+00 9.246656410477092081e-01 2.000000000000000000e+00
4.969141729323355072e+00 5.835832503099708468e+00 1.000000000000000000e+00
4.955552122051790853e+00 -3.336790415521953435e+00 1.000000000000000000e+00
5.977831595074504456e+00 2.281229145210482301e+01 2.000000000000000000e+00
6.061634269134801301e+00 1.204530556948440712e+01 2.000000000000000000e+00
5.021632448069325960e+00 -7.580468301151348953e+00 1.000000000000000000e+00
5.987708291574278086e+00 1.955133754761592257e+01 2.000000000000000000e+00
4.983200769477970304e+00 1.315808136367431658e+01 1.000000000000000000e+00
5.050530976428410312e+00 6.279818985920173624e+00 1.000000000000000000e+00
5.964753066038444906e+00 6.759406860354519431e+00 2.000000000000000000e+00
4.984831388282766618e+00 1.912427541264996123e+01 1.000000000000000000e+00
4.994898903456802763e+00 1.567406658406006237e+00 1.000000000000000000e+00
5.120004551193796161e+00 -8.584605633928548585e+00 1.000000000000000000e+00
6.053375432274860302e+00 1.230350006404631813e+01 2.000000000000000000e+00
5.955978983182597553e+00 -1.859691845753619788e+01 2.000000000000000000e+00
5.004389499433191446e+00 -7.799306738285809004e+00 1.000000000000000000e+00
6.111347938927146117e+00 4.216906163751855452e+00 2.000000000000000000e+00
4.982310084745966705e+00 1.312595714157120064e+01 1.000000000000000000e+00
4.939533175206296534e+00 1.382099124836656578e+01 1.000000000000000000e+00
5.995717291027045981e+00 1.195511610475129416e+01 2.000000000000000000e+00
5.035552827380996632e+00 8.233338947474681646e+00 1.000000000000000000e+00
6.115627147466865310e+00 -5.638109671670752832e+00 2.000000000000000000e+00
5.036252332734112436e+00 -5.083139938127558821e-01 1.000000000000000000e+00
5.988650290007090149e+00 -5.261153657520566185e+00 2.000000000000000000e+00
5.870045288350619117e+00 1.323755038565528963e+01 2.000000000000000000e+00
4.985249234935237972e+00 -8.370495635132913392e+00 1.000000000000000000e+00
5.920103707634329915e+00 1.355055196976715948e+01 2.000000000000000000e+00
5.018077733423027986e+00 9.287194154073336705e+00 1.000000000000000000e+00
6.034635736331038558e+00 5.647658791619001306e+00 2.000000000000000000e+00
5.951940994045527233e+00 6.516798297453486377e+00 2.000000000000000000e+00
5.013762122965498946e+00 1.139522351134839617e+01 1.000000000000000000e+00
4.877611101765697121e+00 2.528753020914218386e+00 1.000000000000000000e+00
6.011227451525484433e+00 -4.958924449611954444e-01 2.000000000000000000e+00
6.020442332626771531e+00 8.026313109817868607e+00 2.000000000000000000e+00
4.940945864485479788e+00 -8.762242389671337506e-01 1.000000000000000000e+00
5.918346196447013874e+00 5.357024831751850513e+00 2.000000000000000000e+00
6.000854772663405612e+00 -2.696089434229048898e+00 2.000000000000000000e+00
5.955494879259965124e+00 1.647051283809728162e+01 2.000000000000000000e+00
6.052611664301680072e+00 -5.431176601228619560e+00 2.000000000000000000e+00
6.002097748116533182e+00 2.102279134111773029e+00 2.000000000000000000e+00
5.013267812774605758e+00 9.015937082954430082e+00 1.000000000000000000e+00
6.033946927546852024e+00 5.089218324166544960e+00 2.000000000000000000e+00
6.060371992816755871e+00 7.284084972521641888e+00 2.000000000000000000e+00
6.002296191926490998e+00 7.352419066590554664e+00 2.000000000000000000e+00
4.888658569017396260e+00 9.071635519310177642e+00 1.000000000000000000e+00
5.009157859377181943e+00 1.445155244562499064e+01 1.000000000000000000e+00
4.954947779416908560e+00 1.717997102163456447e+01 1.000000000000000000e+00
6.030866157212027012e+00 -7.059669114221382102e+00 2.000000000000000000e+00
5.032961003015913981e+00 1.890158835766271750e+01 1.000000000000000000e+00
4.940267627341352608e+00 7.322883202235417777e+00 1.000000000000000000e+00
4.948409671322776759e+00 1.997086936607647800e+01 1.000000000000000000e+00
6.058327011982440169e+00 -3.241236325222681458e+00 2.000000000000000000e+00
5.021333032480378655e+00 1.163982502475011671e-01 1.000000000000000000e+00
4.967806421569124886e+00 -7.454958694719520551e+00 1.000000000000000000e+00
4.985957494176997074e+00 1.338866088188657244e+01 1.000000000000000000e+00
5.918143430364023239e+00 1.279153770669534218e+01 2.000000000000000000e+00
6.043857072685548282e+00 -7.818449802962387452e+00 2.000000000000000000e+00
5.922868984541824311e+00 2.664568323562129848e+01 2.000000000000000000e+00
4.962503968005455235e+00 2.301992996247294343e+01 1.000000000000000000e+00
4.944229341498306063e+00 -9.880003813637809884e+00 1.000000000000000000e+00
5.986452482770089567e+00 3.167163378339478363e+00 2.000000000000000000e+00
5.985807842569253800e+00 1.015114692261632356e+01 2.000000000000000000e+00
6.077868356155998519e+00 -2.352237545332903856e+00 2.000000000000000000e+00
5.906298348287771560e+00 4.035303344936465031e+00 2.000000000000000000e+00
5.998026499882422868e+00 1.697027239128160758e+01 2.000000000000000000e+00
5.966770866348295677e+00 -7.004669806802697352e+00 2.000000000000000000e+00
5.070951657392952505e+00 1.320152386211927009e+01 1.000000000000000000e+00
6.066944083916422592e+00 -6.759137913818396015e-01 2.000000000000000000e+00
6.084243243873007856e+00 -1.184982103660305341e+01 2.000000000000000000e+00
5.980995874858689554e+00 2.462978283763710508e+01 2.000000000000000000e+00
6.049764106545065800e+00 7.661225184368349872e-01 2.000000000000000000e+00
5.986727592886615490e+00 1.829491067982766950e+00 2.000000000000000000e+00
4.971733314916158442e+00 6.249291733444928276e+00 1.000000000000000000e+00
5.043227783900540828e+00 1.196727658209224110e+00 1.000000000000000000e+00
5.952842238892294802e+00 -1.850445353880973087e+00 2.000000000000000000e+00
4.980181565284272693e+00 1.035461685887338668e+01 1.000000000000000000e+00
4.999558964819763140e+00 -2.604622578636628383e+00 1.000000000000000000e+00
6.032429700140616191e+00 1.699291885049060724e+01 2.000000000000000000e+00
5.075134209519170270e+00 -4.610192241208954655e-01 1.000000000000000000e+00
4.988622521460021275e+00 8.455093690294329889e+00 1.000000000000000000e+00
4.974566381168633811e+00 -1.365960263708396738e-01 1.000000000000000000e+00
4.968776030742210637e+00 -1.739849658117624820e+00 1.000000000000000000e+00
5.005266026898873122e+00 1.271132014487449169e+01 1.000000000000000000e+00
6.047402730151327788e+00 2.031607992907335003e+01 2.000000000000000000e+00
4.996804882058416553e+00 -1.065358272045625654e+01 1.000000000000000000e+00
5.067134606887343296e+00 5.006782207992879208e-01 1.000000000000000000e+00
4.973112415092676208e+00 4.762770857023169491e+00 1.000000000000000000e+00
5.968878725736580293e+00 -1.469631946662708089e+01 2.000000000000000000e+00
6.007298037086777676e+00 -6.030525365992636111e+00 2.000000000000000000e+00
5.017923615323183206e+00 5.971606851231138435e+00 1.000000000000000000e+00
5.991268168413074413e+00 2.061800740578559754e+01 2.000000000000000000e+00
4.938075197661203397e+00 -1.070241739359039990e+00 1.000000000000000000e+00
5.024247595897515239e+00 2.095552161572648675e+00 1.000000000000000000e+00
5.997353362491652184e+00 -8.260815473385367369e+00 2.000000000000000000e+00
4.969080778667565923e+00 7.375855172525783487e+00 1.000000000000000000e+00
5.046800295149817650e+00 -5.799546972651192789e-01 1.000000000000000000e+00
5.999931356352163014e+00 8.751779823222030075e+00 2.000000000000000000e+00
5.083789370078386938e+00 1.180126155346601990e+01 1.000000000000000000e+00
5.019044694977546683e+00 9.078195278530312606e+00 1.000000000000000000e+00
5.971718402205707044e+00 -8.008337575675730236e+00 2.000000000000000000e+00
4.958832821364560495e+00 5.539704564887917293e+00 1.000000000000000000e+00
6.059993304275358206e+00 1.194029679145768874e+01 2.000000000000000000e+00
6.021633559060680874e+00 3.604266567890798356e+00 2.000000000000000000e+00
5.933446904514753761e+00 4.106214472856999365e+00 2.000000000000000000e+00
5.928977902099057395e+00 1.059051498333356278e+01 2.000000000000000000e+00
5.963082346329114714e+00 2.992915264805357189e+00 2.000000000000000000e+00
4.945193591948130241e+00 6.699410499437449040e+00 1.000000000000000000e+00
5.973662444096116353e+00 3.358608222613398642e+00 2.000000000000000000e+00
5.010642437938972904e+00 4.524747836559400938e+00 1.000000000000000000e+00
5.082337917744137457e+00 5.814596769479181582e+00 1.000000000000000000e+00
5.063288404264162601e+00 1.999821413755960009e+01 1.000000000000000000e+00
4.971483977675319466e+00 3.142897260564125617e+01 1.000000000000000000e+00
5.055290708568128011e+00 -1.022330920721221936e+01 1.000000000000000000e+00
6.036300759984977837e+00 5.033416831437233618e+00 2.000000000000000000e+00
5.984117301712633008e+00 1.050997394184956413e+00 2.000000000000000000e+00
6.050043000255505454e+00 1.235433814264972696e+01 2.000000000000000000e+00
5.916021342857256116e+00 1.751234267726143656e+01 2.000000000000000000e+00
6.006788103555383174e+00 -1.872835187492913889e-01 2.000000000000000000e+00
5.006945578541741604e+00 -1.952847781397958116e+00 1.000000000000000000e+00
5.941586509012908301e+00 2.872126184046468467e+01 2.000000000000000000e+00
5.967333519501545780e+00 1.342492166476766968e+01 2.000000000000000000e+00
5.013390973997419842e+00 1.590822484308097806e+01 1.000000000000000000e+00
4.998784511320108592e+00 5.926291989396867521e+00 1.000000000000000000e+00
4.988698747601272743e+00 1.136814610950580473e+01 1.000000000000000000e+00
4.943204054943580950e+00 7.472324451324018568e+00 1.000000000000000000e+00
5.047049437878532885e+00 -1.026751869757024238e+01 1.000000000000000000e+00
5.015978756389217530e+00 -2.684120648935804709e+00 1.000000000000000000e+00
6.041945465620940148e+00 -2.058767478503156667e+01 2.000000000000000000e+00
5.948746914249044337e+00 2.282014215488955244e+01 2.000000000000000000e+00
4.873792021148969589e+00 -7.959297502411502023e+00 1.000000000000000000e+00
6.013585826477584106e+00 1.437943252525544935e+01 2.000000000000000000e+00
4.998784197272718721e+00 -6.992315585353836127e+00 1.000000000000000000e+00
5.921338424315020887e+00 1.368833158509517034e+01 2.000000000000000000e+00
6.035603137182780742e+00 1.507823262567755407e+01 2.000000000000000000e+00
4.935913417574854023e+00 9.586556519723401948e+00 1.000000000000000000e+00
